%YAML:1.0
---
R: !!opencv-matrix
   rows: 3
   cols: 3
   dt: d
   data: [ 9.9997149582080569e-01, 4.8210099095362998e-03,
       5.8108010938628099e-03, -4.8866654192467711e-03,
       9.9992378064180198e-01, 1.1338139533709003e-02,
       -5.7556969152850824e-03, -1.1366211790111517e-02,
       9.9991883729758868e-01 ]
T: !!opencv-matrix
   rows: 3
   cols: 1
   dt: d
   data: [ -3.3427086936156489e+00, 4.6825921282771923e-02,
       3.6523409539747616e-03 ]
R1: !!opencv-matrix
   rows: 3
   cols: 3
   dt: d
   data: [ 9.9994753473902853e-01, -9.1729741807381956e-03,
       4.5589816865862333e-03, 9.1468618033487964e-03,
       9.9994183001792303e-01, 5.7158988407283876e-03,
       -4.6111482831889200e-03, -5.6738985791528352e-03,
       9.9997327173601191e-01 ]
R2: !!opencv-matrix
   rows: 3
   cols: 3
   dt: d
   data: [ 9.9990130039165959e-01, -1.4006993691107493e-02,
       -1.0925213065462477e-03, 1.4000544502271303e-02,
       9.9988572509875140e-01, -5.7027622591050101e-03,
       1.1722750137670287e-03, 5.6869035055315828e-03,
       9.9998314230781460e-01 ]
P1: !!opencv-matrix
   rows: 3
   cols: 4
   dt: d
   data: [ 4.3964859406340838e+02, 0., 3.1932437133789062e+02, 0., 0.,
       4.3964859406340838e+02, 2.3945363616943359e+02, 0., 0., 0., 1.,
       0. ]
P2: !!opencv-matrix
   rows: 3
   cols: 4
   dt: d
   data: [ 4.3964859406340838e+02, 0., 3.1932437133789062e+02,
       -1.4697622424693375e+03, 0., 4.3964859406340838e+02,
       2.3945363616943359e+02, 0., 0., 0., 1., 0. ]
Q: !!opencv-matrix
   rows: 4
   cols: 4
   dt: d
   data: [ 1., 0., 0., -3.1932437133789062e+02, 0., 1., 0.,
       -2.3945363616943359e+02, 0., 0., 0., 4.3964859406340838e+02, 0.,
       0., 2.9912905731253359e-01, 0. ]
