%YAML:1.0
---
M1: !!opencv-matrix
   rows: 3
   cols: 3
   dt: d
   data: [ 5.3398795246980137e+02, 0., 3.2838647449703734e+02, 0.,
       5.2871082109659460e+02, 2.3684272830929768e+02, 0., 0., 1. ]
D1: !!opencv-matrix
   rows: 1
   cols: 14
   dt: d
   data: [ -2.5896599093340006e-01, -1.2618381080852908e-01, 0., 0., 0.,
       0., 0., -3.9963322490093484e-01, 0., 0., 0., 0., 0., 0. ]
M2: !!opencv-matrix
   rows: 3
   cols: 3
   dt: d
   data: [ 5.3398795246980137e+02, 0., 3.1377033180387235e+02, 0.,
       5.2871082109659460e+02, 2.4187045534774751e+02, 0., 0., 1. ]
D2: !!opencv-matrix
   rows: 1
   cols: 14
   dt: d
   data: [ -2.6296221145394605e-01, -1.2154510692659009e-02, 0., 0., 0.,
       0., 0., -1.9510571707706620e-01, 0., 0., 0., 0., 0., 0. ]
